0.05	0	0	0.00418879	15500	8000	0	64.9262
0.15	0	0	0.0293215	15500	8000	0	454.484
0.25	0	0	0.079587	15500	8000	0	1233.6
0.35	0	0	0.154985	15500	8000	0	2402.27
0.45	0	0	0.255516	15500	8000	0	3960.5
0.55	0	0	0.38118	15500	8000	0	5908.29
0.65	0	0	0.531976	15500	8000	0	8245.63
0.75	0	0	0.707906	15500	8000	0	10972.5
0.85	0	0	0.908967	15500	8000	0	14089
0.95	0	0	1.13516	15500	8000	0	17595
1.05	0	0	1.38649	15500	8000	0	21490.6
1.15	0	0	1.66295	15500	8000	0	25775.7
1.25	0	0	1.96454	15500	8000	0	30450.4
1.35	0	0	2.29127	15500	8000	0	35514.7
1.45	0	0	2.64313	15500	8000	0	40968.5
1.55	0	0	3.02012	15500	8000	0	46811.8
1.65	0	0	3.42224	15500	8000	0	53044.7
1.75	0	0	3.8495	15500	8000	0	59667.2
1.85	0	0	4.30189	15500	8000	0	66679.3
1.95	0	0	4.77941	15500	8000	0	74080.8
2.05	0	0	5.28206	15500	8000	0	81872
2.15	0	0	5.80985	15500	8000	0	90052.7
2.25	0	0	6.36277	15500	8000	0	98623
2.35	0	0	6.94083	15500	8000	0	107583
2.45	0	0	7.54401	15500	8000	0	116932
2.55	0	0	8.17233	15500	8000	0	126671
2.65	0	0	8.82578	15500	8000	0	136800
2.75	0	0	9.50436	15500	8000	0	147318
2.85	0	0	10.2081	15500	8000	0	158225
2.95	0	0	10.9369	15500	8000	0	169522
3.05	0	0	11.6909	15500	8000	0	181209
3.15	0	0	12.47	15500	8000	0	193285
3.25	0	0	13.2743	15500	8000	0	205751
3.35	0.0138916	0.3796	14.1037	15500	8000	3036.8	218607
3.45	0.420973	12.2004	14.9582	15500	8000	97603.2	231852
3.55	2.4208	74.2842	15.8378	15500	8000	594274	245486
3.65	5.62494	182.466	16.7426	15500	8000	1.45973e+06	259510
3.75	7.05496	241.565	17.6725	15500	8000	1.93252e+06	273924
3.85	6.16086	222.351	18.6276	15500	8000	1.77881e+06	288727
3.95	4.36363	165.774	19.6077	15500	8000	1.32619e+06	303920
4.05	2.94741	117.713	20.613	15500	8000	941704	319502
4.15	1.95395	81.9374	21.6435	15500	8000	655499	335474
4.25	1.34638	59.2132	22.6991	15500	8000	473706	351835
4.35	0.986745	45.4626	23.7798	15500	8000	363701	368586
4.45	0.731693	35.2792	24.8856	15500	8000	282234	385727
4.55	0.566186	28.5398	26.0166	15500	8000	228318	403257
4.65	0.515683	27.1492	27.1727	15500	8000	217194	421177
4.75	0.481679	26.4614	28.3539	15500	8000	211691	439486
4.85	0.43595	24.9682	29.5603	15500	8000	199746	458185
4.95	0.404673	24.1424	30.7918	15500	8000	193139	477273
5.05	0.380144	23.6046	32.0484	15500	8000	188837	496751
5.15	0.443128	28.616	33.3302	15500	8000	228928	516618
5.25	0.424993	28.521	34.6371	15500	8000	228168	536875
5.35	0.457706	31.8976	35.9691	15500	8000	255181	557522
5.45	0.495298	35.8198	37.3263	15500	8000	286558	578558
5.55	0.537241	40.292	38.7086	15500	8000	322336	599983
5.65	0.60639	47.1316	40.116	15500	8000	377053	621799
5.75	0.720642	58.012	41.5486	15500	8000	464096	644003
5.85	0.803694	66.9676	43.0063	15500	8000	535741	666598
5.95	0.947556	81.6772	44.4891	15500	8000	653418	689582
6.05	1.13703	101.331	45.9971	15500	8000	810650	712955
6.15	1.32262	121.8	47.5302	15500	8000	974398	736718
6.25	1.47745	140.519	49.0884	15500	8000	1.12415e+06	760871
6.35	1.58121	155.238	50.6718	15500	8000	1.2419e+06	785413
6.45	1.74429	176.685	52.2803	15500	8000	1.41348e+06	810345
6.55	1.77233	185.134	53.9139	15500	8000	1.48108e+06	835666
6.65	1.77202	190.797	55.5727	15500	8000	1.52637e+06	861377
6.75	1.6949	188.024	57.2566	15500	8000	1.50419e+06	887477
6.85	1.57179	179.57	58.9656	15500	8000	1.43656e+06	913967
6.95	1.48505	174.65	60.6998	15500	8000	1.3972e+06	940846
7.05	1.33487	161.539	62.4591	15500	8000	1.29231e+06	968115
7.15	1.35829	169.068	64.2435	15500	8000	1.35255e+06	995774
7.25	1.4322	183.29	66.053	15500	8000	1.46632e+06	1.02382e+06
7.35	1.50411	197.839	67.8877	15500	8000	1.58271e+06	1.05226e+06
7.45	1.48543	200.735	69.7475	15500	8000	1.60588e+06	1.08109e+06
7.55	1.41318	196.133	71.6325	15500	8000	1.56906e+06	1.1103e+06
7.65	1.27986	182.365	73.5426	15500	8000	1.45892e+06	1.13991e+06
7.75	1.13218	165.568	75.4778	15500	8000	1.32454e+06	1.16991e+06
7.85	0.981969	147.331	77.4382	15500	8000	1.17865e+06	1.20029e+06
7.95	0.864486	133.03	79.4237	15500	8000	1.06424e+06	1.23107e+06
8.05	0.774098	122.136	81.4343	15500	8000	977091	1.26223e+06
8.15	0.678053	109.657	83.47	15500	8000	877254	1.29379e+06
8.25	0.645446	106.961	85.5309	15500	8000	855686	1.32573e+06
8.35	0.606987	103.041	87.6169	15500	8000	824326	1.35806e+06
8.45	0.608838	105.845	89.7281	15500	8000	846763	1.39079e+06
8.55	0.606749	107.994	91.8644	15500	8000	863949	1.4239e+06
8.65	0.637078	116.06	94.0258	15500	8000	928477	1.4574e+06
8.75	0.699964	130.481	96.2123	15500	8000	1.04385e+06	1.49129e+06
8.85	0.756766	144.313	98.424	15500	8000	1.1545e+06	1.52557e+06
8.95	0.844942	164.789	100.661	15500	8000	1.31832e+06	1.56024e+06
9.05	0.898183	179.109	102.923	15500	8000	1.43287e+06	1.5953e+06
9.15	1.01127	206.142	105.21	15500	8000	1.64913e+06	1.63075e+06
9.25	1.1322	235.864	107.522	15500	8000	1.88691e+06	1.66659e+06
9.35	1.21555	258.734	109.859	15500	8000	2.06987e+06	1.70282e+06
9.45	1.2827	278.898	112.222	15500	8000	2.23118e+06	1.73944e+06
9.55	1.34712	299.136	114.609	15500	8000	2.39309e+06	1.77645e+06
9.65	1.31753	298.724	117.022	15500	8000	2.38979e+06	1.81384e+06
9.75	1.33281	308.484	119.46	15500	8000	2.46787e+06	1.85163e+06
9.85	1.30579	308.461	121.923	15500	8000	2.46769e+06	1.88981e+06
9.95	1.23256	297.104	124.411	15500	8000	2.37684e+06	1.92837e+06
