0.05	0	0	0.00418879	15500	8000	0	64.9262
0.15	0	0	0.0293215	15500	8000	0	454.484
0.25	0	0	0.079587	15500	8000	0	1233.6
0.35	0	0	0.154985	15500	8000	0	2402.27
0.45	0	0	0.255516	15500	8000	0	3960.5
0.55	0	0	0.38118	15500	8000	0	5908.29
0.65	0	0	0.531976	15500	8000	0	8245.63
0.75	0	0	0.707906	15500	8000	0	10972.5
0.85	0	0	0.908967	15500	8000	0	14089
0.95	0	0	1.13516	15500	8000	0	17595
1.05	0	0	1.38649	15500	8000	0	21490.6
1.15	0	0	1.66295	15500	8000	0	25775.7
1.25	0	0	1.96454	15500	8000	0	30450.4
1.35	0	0	2.29127	15500	8000	0	35514.7
1.45	0	0	2.64313	15500	8000	0	40968.5
1.55	0	0	3.02012	15500	8000	0	46811.8
1.65	0	0	3.42224	15500	8000	0	53044.7
1.75	0	0	3.8495	15500	8000	0	59667.2
1.85	0	0	4.30189	15500	8000	0	66679.3
1.95	0	0	4.77941	15500	8000	0	74080.8
2.05	0	0	5.28206	15500	8000	0	81872
2.15	0	0	5.80985	15500	8000	0	90052.7
2.25	0	0	6.36277	15500	8000	0	98623
2.35	0	0	6.94083	15500	8000	0	107583
2.45	0	0	7.54401	15500	8000	0	116932
2.55	0	0	8.17233	15500	8000	0	126671
2.65	0	0	8.82578	15500	8000	0	136800
2.75	0	0	9.50436	15500	8000	0	147318
2.85	0	0	10.2081	15500	8000	0	158225
2.95	0	0	10.9369	15500	8000	0	169522
3.05	0	0	11.6909	15500	8000	0	181209
3.15	0	0	12.47	15500	8000	0	193285
3.25	0	0	13.2743	15500	8000	0	205751
3.35	0.00183709	0.0502	14.1037	15500	8000	401.6	218607
3.45	0.17525	5.079	14.9582	15500	8000	40632	231852
3.55	2.30642	70.7742	15.8378	15500	8000	566194	245486
3.65	6.97188	226.159	16.7426	15500	8000	1.80928e+06	259510
3.75	8.56967	293.43	17.6725	15500	8000	2.34744e+06	273924
3.85	6.93307	250.221	18.6276	15500	8000	2.00176e+06	288727
3.95	3.81242	144.834	19.6077	15500	8000	1.15867e+06	303920
4.05	2.27553	90.8794	20.613	15500	8000	727035	319502
4.15	1.36004	57.0322	21.6435	15500	8000	456258	335474
4.25	0.979558	43.0804	22.6991	15500	8000	344643	351835
4.35	0.730662	33.664	23.7798	15500	8000	269312	368586
4.45	0.590669	28.4796	24.8856	15500	8000	227837	385727
4.55	0.501675	25.288	26.0166	15500	8000	202304	403257
4.65	0.505042	26.589	27.1727	15500	8000	212712	421177
4.75	0.524744	28.8272	28.3539	15500	8000	230618	439486
4.85	0.426665	24.4364	29.5603	15500	8000	195491	458185
4.95	0.351112	20.947	30.7918	15500	8000	167576	477273
5.05	0.280682	17.4286	32.0484	15500	8000	139429	496751
5.15	0.319698	20.6452	33.3302	15500	8000	165162	516618
5.25	0.309814	20.7914	34.6371	15500	8000	166331	536875
5.35	0.313031	21.8152	35.9691	15500	8000	174522	557522
5.45	0.388895	28.1248	37.3263	15500	8000	224998	578558
5.55	0.370717	27.803	38.7086	15500	8000	222424	599983
5.65	0.439839	34.1864	40.116	15500	8000	273491	621799
5.75	0.588717	47.392	41.5486	15500	8000	379136	644003
5.85	0.791765	65.9736	43.0063	15500	8000	527789	666598
5.95	1.14718	98.8842	44.4891	15500	8000	791074	689582
6.05	1.69547	151.099	45.9971	15500	8000	1.20879e+06	712955
6.15	2.16347	199.234	47.5302	15500	8000	1.59387e+06	736718
6.25	2.13697	203.244	49.0884	15500	8000	1.62596e+06	760871
6.35	2.00241	196.59	50.6718	15500	8000	1.57272e+06	785413
6.45	1.8055	182.885	52.2803	15500	8000	1.46308e+06	810345
6.55	1.62095	169.321	53.9139	15500	8000	1.35457e+06	835666
6.65	1.56043	168.014	55.5727	15500	8000	1.34412e+06	861377
6.75	1.35011	149.773	57.2566	15500	8000	1.19819e+06	887477
6.85	1.26052	144.009	58.9656	15500	8000	1.15208e+06	913967
6.95	1.23764	145.554	60.6998	15500	8000	1.16443e+06	940846
7.05	1.15539	139.819	62.4591	15500	8000	1.11855e+06	968115
7.15	1.28772	160.284	64.2435	15500	8000	1.28228e+06	995774
7.25	1.52098	194.652	66.053	15500	8000	1.55722e+06	1.02382e+06
7.35	1.61108	211.91	67.8877	15500	8000	1.69528e+06	1.05226e+06
7.45	1.55767	210.498	69.7475	15500	8000	1.68398e+06	1.08109e+06
7.55	1.38168	191.761	71.6325	15500	8000	1.53409e+06	1.1103e+06
7.65	1.23631	176.161	73.5426	15500	8000	1.40928e+06	1.13991e+06
7.75	1.00927	147.594	75.4778	15500	8000	1.18075e+06	1.16991e+06
7.85	0.908283	136.276	77.4382	15500	8000	1.0902e+06	1.20029e+06
7.95	0.869829	133.852	79.4237	15500	8000	1.07082e+06	1.23107e+06
8.05	0.826375	130.385	81.4343	15500	8000	1.04308e+06	1.26223e+06
8.15	0.718047	116.125	83.47	15500	8000	928998	1.29379e+06
8.25	0.661308	109.589	85.5309	15500	8000	876715	1.32573e+06
8.35	0.546269	92.7334	87.6169	15500	8000	741867	1.35806e+06
8.45	0.54555	94.8428	89.7281	15500	8000	758742	1.39079e+06
8.55	0.521936	92.898	91.8644	15500	8000	743184	1.4239e+06
8.65	0.567449	103.375	94.0258	15500	8000	827000	1.4574e+06
8.75	0.642408	119.752	96.2123	15500	8000	958018	1.49129e+06
8.85	0.715391	136.423	98.424	15500	8000	1.09138e+06	1.52557e+06
8.95	0.857522	167.243	100.661	15500	8000	1.33794e+06	1.56024e+06
9.05	1.00915	201.237	102.923	15500	8000	1.6099e+06	1.5953e+06
9.15	1.11558	227.405	105.21	15500	8000	1.81924e+06	1.63075e+06
9.25	1.23288	256.838	107.522	15500	8000	2.05471e+06	1.66659e+06
9.35	1.30827	278.469	109.859	15500	8000	2.22775e+06	1.70282e+06
9.45	1.39486	303.285	112.222	15500	8000	2.42628e+06	1.73944e+06
9.55	1.41827	314.935	114.609	15500	8000	2.51948e+06	1.77645e+06
9.65	1.43234	324.755	117.022	15500	8000	2.59804e+06	1.81384e+06
9.75	1.39138	322.041	119.46	15500	8000	2.57632e+06	1.85163e+06
9.85	1.34945	318.775	121.923	15500	8000	2.5502e+06	1.88981e+06
9.95	1.27682	307.774	124.411	15500	8000	2.4622e+06	1.92837e+06
