0.05	0	0	0.00418879	15500	8000	0	64.9262
0.15	0	0	0.0293215	15500	8000	0	454.484
0.25	0	0	0.079587	15500	8000	0	1233.6
0.35	0	0	0.154985	15500	8000	0	2402.27
0.45	0	0	0.255516	15500	8000	0	3960.5
0.55	0	0	0.38118	15500	8000	0	5908.29
0.65	0	0	0.531976	15500	8000	0	8245.63
0.75	0	0	0.707906	15500	8000	0	10972.5
0.85	0	0	0.908967	15500	8000	0	14089
0.95	0	0	1.13516	15500	8000	0	17595
1.05	0	0	1.38649	15500	8000	0	21490.6
1.15	0	0	1.66295	15500	8000	0	25775.7
1.25	0	0	1.96454	15500	8000	0	30450.4
1.35	0	0	2.29127	15500	8000	0	35514.7
1.45	0	0	2.64313	15500	8000	0	40968.5
1.55	0	0	3.02012	15500	8000	0	46811.8
1.65	0	0	3.42224	15500	8000	0	53044.7
1.75	0	0	3.8495	15500	8000	0	59667.2
1.85	0	0	4.30189	15500	8000	0	66679.3
1.95	0	0	4.77941	15500	8000	0	74080.8
2.05	0	0	5.28206	15500	8000	0	81872
2.15	0	0	5.80985	15500	8000	0	90052.7
2.25	0	0	6.36277	15500	8000	0	98623
2.35	0	0	6.94083	15500	8000	0	107583
2.45	0	0	7.54401	15500	8000	0	116932
2.55	0	0	8.17233	15500	8000	0	126671
2.65	0	0	8.82578	15500	8000	0	136800
2.75	0	0	9.50436	15500	8000	0	147318
2.85	0	0	10.2081	15500	8000	0	158225
2.95	0	0	10.9369	15500	8000	0	169522
3.05	0	0	11.6909	15500	8000	0	181209
3.15	0.0107696	0.2602	12.47	15500	8000	2081.6	193285
3.25	0.0602747	1.5502	13.2743	15500	8000	12401.6	205751
3.35	0.235323	6.4304	14.1037	15500	8000	51443.2	218607
3.45	0.840731	24.3656	14.9582	15500	8000	194925	231852
3.55	2.18615	67.0836	15.8378	15500	8000	536669	245486
3.65	3.45155	111.964	16.7426	15500	8000	895712	259510
3.75	3.8675	132.425	17.6725	15500	8000	1.0594e+06	273924
3.85	3.47839	125.538	18.6276	15500	8000	1.00431e+06	288727
3.95	2.8274	107.413	19.6077	15500	8000	859304	303920
4.05	2.24561	89.6846	20.613	15500	8000	717477	319502
4.15	1.75348	73.5308	21.6435	15500	8000	588246	335474
4.25	1.36121	59.8654	22.6991	15500	8000	478923	351835
4.35	1.15878	53.3886	23.7798	15500	8000	427109	368586
4.45	1.01085	48.7392	24.8856	15500	8000	389914	385727
4.55	0.865029	43.6036	26.0166	15500	8000	348829	403257
4.65	0.811426	42.7192	27.1727	15500	8000	341754	421177
4.75	0.793604	43.5972	28.3539	15500	8000	348778	439486
4.85	0.742279	42.5126	29.5603	15500	8000	340101	458185
4.95	0.699457	41.729	30.7918	15500	8000	333832	477273
5.05	0.667438	41.4438	32.0484	15500	8000	331550	496751
5.15	0.661155	42.6956	33.3302	15500	8000	341565	516618
5.25	0.662843	44.483	34.6371	15500	8000	355864	536875
5.35	0.628189	43.7786	35.9691	15500	8000	350229	557522
5.45	0.6724	48.6278	37.3263	15500	8000	389022	578558
5.55	0.686059	51.453	38.7086	15500	8000	411624	599983
5.65	0.700497	54.446	40.116	15500	8000	435568	621799
5.75	0.750957	60.4524	41.5486	15500	8000	483619	644003
5.85	0.836285	69.6832	43.0063	15500	8000	557466	666598
5.95	0.936113	80.6908	44.4891	15500	8000	645526	689582
6.05	0.996986	88.8508	45.9971	15500	8000	710806	712955
6.15	1.08766	100.162	47.5302	15500	8000	801298	736718
6.25	1.09073	103.738	49.0884	15500	8000	829904	760871
6.35	1.12287	110.24	50.6718	15500	8000	881918	785413
6.45	1.14444	115.924	52.2803	15500	8000	927389	810345
6.55	1.13671	118.738	53.9139	15500	8000	949907	835666
6.65	1.18115	127.177	55.5727	15500	8000	1.01742e+06	861377
6.75	1.18336	131.275	57.2566	15500	8000	1.0502e+06	887477
6.85	1.15445	131.892	58.9656	15500	8000	1.05513e+06	913967
6.95	1.1825	139.069	60.6998	15500	8000	1.11255e+06	940846
7.05	1.18445	143.335	62.4591	15500	8000	1.14668e+06	968115
7.15	1.24547	155.025	64.2435	15500	8000	1.2402e+06	995774
7.25	1.27274	162.883	66.053	15500	8000	1.30306e+06	1.02382e+06
7.35	1.21971	160.432	67.8877	15500	8000	1.28345e+06	1.05226e+06
7.45	1.21859	164.675	69.7475	15500	8000	1.3174e+06	1.08109e+06
7.55	1.14798	159.326	71.6325	15500	8000	1.2746e+06	1.1103e+06
7.65	1.11139	158.36	73.5426	15500	8000	1.26688e+06	1.13991e+06
7.75	1.05889	154.85	75.4778	15500	8000	1.2388e+06	1.16991e+06
7.85	1.03554	155.368	77.4382	15500	8000	1.24295e+06	1.20029e+06
7.95	1.0065	154.883	79.4237	15500	8000	1.23906e+06	1.23107e+06
8.05	0.974812	153.805	81.4343	15500	8000	1.23044e+06	1.26223e+06
8.15	0.96392	155.888	83.47	15500	8000	1.24711e+06	1.29379e+06
8.25	0.899418	149.048	85.5309	15500	8000	1.19238e+06	1.32573e+06
8.35	0.856559	145.408	87.6169	15500	8000	1.16326e+06	1.35806e+06
8.45	0.868085	150.915	89.7281	15500	8000	1.20732e+06	1.39079e+06
8.55	0.834216	148.48	91.8644	15500	8000	1.18784e+06	1.4239e+06
8.65	0.833795	151.897	94.0258	15500	8000	1.21517e+06	1.4574e+06
8.75	0.849164	158.294	96.2123	15500	8000	1.26635e+06	1.49129e+06
8.85	0.903632	172.319	98.424	15500	8000	1.37856e+06	1.52557e+06
8.95	0.90841	177.168	100.661	15500	8000	1.41734e+06	1.56024e+06
9.05	0.945799	188.604	102.923	15500	8000	1.50884e+06	1.5953e+06
9.15	1.00741	205.354	105.21	15500	8000	1.64283e+06	1.63075e+06
9.25	0.999086	208.134	107.522	15500	8000	1.66507e+06	1.66659e+06
9.35	1.01614	216.289	109.859	15500	8000	1.73031e+06	1.70282e+06
9.45	1.03248	224.491	112.222	15500	8000	1.79593e+06	1.73944e+06
9.55	1.04666	232.417	114.609	15500	8000	1.85933e+06	1.77645e+06
9.65	1.05218	238.561	117.022	15500	8000	1.90848e+06	1.81384e+06
9.75	1.07294	248.335	119.46	15500	8000	1.98668e+06	1.85163e+06
9.85	1.07254	253.362	121.923	15500	8000	2.0269e+06	1.88981e+06
9.95	1.06638	257.049	124.411	15500	8000	2.05639e+06	1.92837e+06
